17439
17429
17419
17438
17545
17393
17403
17374
17547
17441
17520
17413
17437
17481
17398
17402
17401
17549
17440
17427
17397
17481 17374
17481 17393
17429 17439
17429 17547
17429 17393
17397 17547
17438 17437
17438 17520
17438 17547
17438 17393
17419 17439
17419 17545
17419 17547
17419 17547 17393
17419 17393
17441 17547
17441 17393
17439 17437
17439 17520
17439 17374
17439 17547
17439 17547 17393
17439 17393
17545 17437
17545 17520
17545 17547
17545 17547 17393
17545 17393
17437 17374
17437 17393
17398 17547
17398 17393
17520 17547
17520 17393
17374 17547
17374 17393
17547 17393
