17439
17429
17419
17438
17545
17393
17403
17374
17547
17441
17520
17413
17437
17481
17398
17402
17401
17397
17440
17427
17440 17393
17413 17547
17413 17393
17429 17439
17429 17547
17429 17393
17438 17393
17403 17393
17397 17547
17397 17393
17441 17393
17439 17419
17439 17520
17439 17547
17439 17547 17393
17439 17393
17419 17545
17419 17547
17419 17547 17393
17419 17393
17545 17520
17545 17547
17545 17547 17393
17545 17393
17398 17547
17437 17547
17437 17393
17520 17547
17520 17393
17374 17547
17374 17393
17547 17393
