17419 17438 17429 17439 17545
17403 17439 17393 17547 17545 17374
17438 17393
17403 17441 17520 17547 17438 17413
17403
17437
17393
17403
17547
17545 17520
17481 17374 17393
17402 17441 17393 17547 17398 17374
17401 17374
17520
17419 17441 17545
17441 17393
17441
17393
17429
17547 17545 17407
17549 17393
17413 17393
17520
17388 17547
17545
17481 17374
17441 17393
17417 17402 17545
17439
17547
17398
17393
17393
17374
17438 17547 17401 17397
17520
17374
17440 17388 17393 17429 17407
17419 17547
17402 17439
17547
17441 17439 17520 17393 17388 17438
17393
17439
17438 17547 17520
17419
17393
17429
17547 17545 17393
17374
17401
17547 17393
17520
17439
17402 17545
17393
17419 17545 17520
17393
17547 17545
17440 17393
17369
17441
17547 17393
17437
17393
17398 17393
17393
17398 17438
17547 17545 17429
17419
17398 17547 17374 17427 17393
17540 17545 17520 17393
17419 17393
17397 17547 17439
17439 17520 17481 17401 17397 17437 17413 17545 17374
17398
17398 17374
17374
17393
17440
17520
17419
17440
17545 17520
17393
17402
17393
17397
17481
17441 17520
17397 17547 17437 17438 17429 17545 17407
17374
17397 17547
17520 17415 17540 17547 17401 17438
17439 17393
17547 17429 17439 17393
17374
17520
17441 17520
17441
17393
17403
17547 17545 17393
17374
17540
17429 17439 17393
17440
17547
17441 17393
17419
17393
17398 17441 17439 17393
17398 17413 17547 17397
17398 17520 17393
17398
17437 17397 17403 17374 17545
17547
17398
17547
17398
17398 17545
17419 17398 17393
17415 17439
17545
17419 17403 17397 17547
17520 17393
17374
17398
17547 17423 17393
17374
17547 17545 17520
17375 17397 17393
17403
17547 17520
17520
17393
17441 17369 17437 17547 17398 17429
17393
17547
17547 17439 17520 17393
17374
17402
17393
17393
17419 17402 17439
17481 17429
17439 17393
17547
17547 17441
17520
17547
17547 17415 17438 17545 17520
17401 17439 17393
17374
17520
17481 17393
17419 17402 17547 17410
17438 17372
17439 17393
17441 17437 17429
17393
17398
17440
17481 17439
17397 17547
17393
17547
17441 17400 17549 17398 17438 17545
17401
17547 17441
17555
17439
17441
17398 17438 17547 17374
17419
17374
17398
17438
17437
17393
17438 17437
17438 17441 17397 17393
17393
17547
17398 17547
17545
17438 17437 17374 17393
17393
17397 17439
17439 17410
17547 17393
17393
17419 17393
17440 17388 17547 17545
17440 17438
17393 17417 17397 17549 17419 17438 17492
17374
17520
17393
17547 17545
17438
17374
17439
17374
17393
17388
17545
17393
17393
17374
17438
17441 17439 17393 17397 17437 17438
17374
17441
17403 17545
17388 17441 17393
17437
17440 17438 17393
17481 17374 17393
17419 17374
17397
17441
17547
17547
17397 17520
17415 17545
17510 17402
17547 17545 17520 17393
17402
17520
17437
17398
17402
17374
17398
17413
17547
17438 17547 17374 17393
17393
17547 17545 17393
17520
17374 17481 17547 17439
17419
17440 17393 17397 17437 17547 17372
17520
17438
17419 17440 17545
17545
17551 17403 17441
17545 17393
17393
17437
17547
17439
17437 17429 17439
17547
17419 17398 17520
17398
17437 17438 17545 17393
17393
17398
17547
17398
17547
17393
17555
17441 17439 17393 17410 17397 17429
17437
17547 17441 17393
17437 17427
17437 17441 17520
17413 17403 17549 17520
17438
17393
17547
17439 17393
17547 17403 17397 17545
17393
17547 17439
17547 17393
17374
17417 17547
17512
17398
17437
17397
17393 17481 17547 17437 17549 17413 17429
17398
17547
17437
17520
17393
17547
17545
17374 17393
17410
17547
17547
17403
17398 17393
17547 17393
17397 17374
17393
17547
17374
17393
17398 17547
17374 17393
17402 17439 17520 17393 17369 17437 17374
17374 17403 17439
17423 17547
17374
17437
17393
17393
17437
17393
17397
17393
17547
17547
17393
17403 17393
17438
17397
17403 17520
17437 17393
17545 17520
17403
17551
17393
17398
17441 17393
17427
17520
17545
17419 17440 17441
17439 17393
17393
17397
17547
17437
17545
17393
17398 17438 17437 17374 17429
17402 17403
17547 17520 17393
17441
17374
17374
17441
17547
17398
17393
17547
17393
17441 17393
17437 17545
17441
17437
17438 17520 17393
17520
17437 17374 17393
17545 17393
17393
17403 17545 17420
17393
17393
17520
17440 17441
17413 17429 17374 17393
17401
17520
17520
17393
17374
17403 17520
17393
17398
17374 17481 17372 17393
17393
17393
17393
17374
17393
17393
17393
17437
17398
17398
17520
17441
17398 17438 17547
17374
17403
17398 17438
17402 17397
17520 17393
17441
17393
17397 17520
17393
17393
17393
17398 17427
17402
17545 17374
17481
17520
17372
17398
17398
17398
17398
17547
17398
17398 17520
17398
17520
17398
17419 17547 17439 17520 17393
17520
17403 17439 17520 17393
17397 17547 17520
17545 17393
17545
17440
17374 17393
17393
17547
17429 17374 17393
17437 17374
17398
17547 17393
17397
17398
17437
17437
17441 17393
17403 17374
17393
17439
17437 17393
17545 17374 17401 17393
17397 17545 17441
17437
17441 17393
17547
17393
17439 17393 17437 17372 17547 17427 17419
17403 17440 17401 17393
17547 17439
17393
17437 17545 17520
17441
17437 17439
17547 17393
17520
17393
17403 17555
17393
17393
17403 17393
17374
17403 17439 17393 17547 17427 17419 17429
17397 17393
17419 17437 17393
17547
17397
17393
17547
17438
17441
17400
17419 17441
17393
17393
17413
17393
17429
17429 17393
17393
17393
17429 17439 17520
17440 17441 17393 17427 17419 17545
17547
17397
17547
17393
17393
17393
17374
17419
17437
17403 17374
17429 17407
17393
17439 17393
17439
17439
17393
17393
17393
17437
17393
17439 17393 17547 17549 17419 17374
17547
17429 17545
17393
17393
17374 17413 17441 17511
17419 17369 17439
17393
17398 17437
17374
17520
17547
17398
17393
17437
17547 17520
17383 17393
17393
17397 17393
17547
17398
17419 17441
17440
17374
17437
17397
17439 17393
17547 17374
17439
17398
17547
17397 17374 17393
17545
17393
17374 17393
17402
17393
17520 17393
17555
17545 17393
17437 17410
17374
17545
17545 17393
17438 17437 17393
17374 17393
17397
17398
17440
17419
17393
17374 17393
17437
17438 17437
17413
17398
17419 17520
17407
17374
17393
17438 17427
17419 17393
17374
17398
17438
17397
17393
17398 17547
17398
17440 17437 17545 17401 17393
17398
17374
17520
17547
17438 17374 17549
17374
17393
17397
17437
17374
17374
17402 17439 17520 17393 17481 17547 17549 17419 17545 17429 17374
17393
17374
17393
17437
17374 17520
17374 17393
17551 17413 17429 17410
17413
17393
17397
17397
17393
17374
17393
17393
17419
17403 17520 17393 17481 17438 17429 17374
17393
17419 17547 17545 17520 17393
17393
17398
17437 17393
17441
17413
17393
17520
17401
17437
17520
17441 17393 17437 17547 17419 17413 17374
17374 17393
17393
17419
17397
17393
17547 17393
17374 17393
17401
17397
17393
17374
17393
17397
17545
17397 17520
17374 17393
17441
17393
17374
17437
17520
17547
17547 17429
17437
17547
17419
17401
17393
17374
17419
17438 17393
17419 17547
17393
17545
17441
17419 17374
17397
17403 17401
17438 17441 17549 17520
17403 17393 17410 17547 17401 17419 17374
17393
17393
17393
17440 17397 17547 17393
17437
17547
17393
17429
17441 17520
17419 17440 17413 17393
17393
17398
17547
17398
17440 17520 17393
17393
17547 17403 17402 17437
17393
17547 17393
17419 17413 17547 17545
17547
17393
17403
17374
17374 17393
17419 17547 17374
17398
17429
17398
17398
17393
17398 17547
17398
17393
17403
17437
17437 17545 17520 17393
17520
17419 17437 17429
17520 17410 17415 17427 17419 17413
17520
17419
17401
17419 17398 17427
17547
17393
17403
17397
17419
17419
17547 17393
17398 17420
17393
17393
17398 17393
17547
17520
17375 17520
17398
17437
17398
17398 17374 17393
17441 17393
17547
17393
17440
17398 17437
17398
17398
17398
17398
17419
17398
17393
17393
17398
17398
17393
17393
17413 17547 17401
17393 17427
17547
17403
17393
17481
17402
17417 17397 17547 17429
17393
17398 17397 17547
17437 17374 17393
17520
17429 17374
17393 17547 17401 17437 17419 17545 17429
17393
17437
17393
17393
17374
17547 17520 17393
17438 17441 17429 17374 17393
17438 17393
17547 17520 17393
17545 17374
17374
17403 17520
17520
17547
17547
17547
17547
17477
17397
17545
17374 17393
17520
17393
17520
17403
17403 17393
17481
17374
17374
17397
17403
17437
17402
17413 17374
17547
17397
17393
17440 17545 17374 17520
17398 17403 17545 17421
17393
17545
17393
17398
17393
17441
17547
17393
17393
17393
17393
17402 17545 17439 17421
17403
17419 17401 17374 17393
17419 17413 17547 17393
17393
17547
17547 17393
17419 17397
17547
17374 17393
17374
17393
17438 17393
17547
17374
17547
17419 17403 17547 17393
17440 17545
17547
17547
17393
17413 17520 17393
17439
17441
17393
17547
17547
17374
17402 17393
17413 17547 17393
17547
17374
17441
17374
17547
17393
17393
17423 17440 17402 17545
17398
17398
17540
17547
17429 17520
17520
17393
17398
17374
17540 17520
17547
17393
17437
17374
17393
17547
17547
17374 17393
17439
17440 17520 17393 17547 17401 17545
17393
17440 17413 17437
17547 17401 17374 17393
17402 17549 17393
17547
17520 17393
17419 17403 17437 17439
17374
17440 17429 17393
17437
17419 17437 17410 17393
17437
17393
17547
17419 17547 17439 17393
17393
17393
17419 17429 17439 17520 17393
17547
17413 17397 17393
17547
17547
17547
17439
17398
17547
17374
17393
17403 17520 17393
17393
17437 17429
17393
17547
17547
17403
17393
17397
17438
17419 17547 17439 17393
17393
17393
17437
17393
17547 17374 17520
17397 17429
17393
17393
17419
17403
17374 17393
17393
17393
17547
17547
17547
17403 17429
17403 17437 17427
17547
17547
17547
17547
17374
17441 17547
17547
17413 17547
17413 17540
17402 17547
17393
17393
17393
17547
17520
17393
17547
17547
17547
17393
17429 17439
17547
17393
17547 17427
17393
17369 17547 17439 17520
17547
17397
17413 17547
17547
17547
17441 17547
17540 17547 17393
17547
17547
17547 17520
17393
17547
17547 17429
17547
17397
17547
17520
17520
17398
17547
17547
17547 17393
17393
17440 17439 17437 17547 17419 17413
17429
17547 17393
17437
17438 17437 17393
17547
17547
17547
17547
17547
17547
17547 17393
17547
17413
17439
17397
17413 17393
17547
17520
17439 17520 17393 17547 17419 17398 17429 17545
17520
17547 17520
17437
17439
17547
17547
17547
17547 17393
17547 17393
17547
17439 17393 17437 17547 17419 17545
17547
17547
17547
17547
17547
17441
17437
17547
17547 17393
17547
17393
17393
17547
17547
17419 17393
17437
17547
17547
17547
17393
17547
17547
17547
17547
17374 17393
17547
17437
17547
17520
17437
17413
17419
17547 17437
17403
17547
17547
17440
17437
17547
17547
17437
17437
17441
17429 17439
17547
17547
17439
17393
17547
17393
17520 17393
17419
17545
17441
17540
17438 17441 17545 17393
17481
17413 17393
17441
17393
17393
17520
17520
17437
17547
17439
17438 17520
