1 2 3 4 5
1 5 6 7 8 9
4 6
4 7 9 10 11 12
7
13
6
7
9
5 11
6 8 14
6 8 9 10 15 16
8 17
11
3 5 10
6 10
10
6
2
5 9 18
6 19
6 12
11
9 20
5
8 14
6 10
5 16 21
1
9
15
6
6
8
4 9 17 22
11
8
2 6 18 20 23
3 9
1 16
9
1 4 6 10 11 20
6
1
4 9 11
3
6
2
5 6 9
8
17
6 9
11
1
5 16
6
3 5 11
6
5 9
6 23
24
10
6 9
13
6
6 15
6
4 15
2 5 9
3
6 8 9 15 25
5 6 11 26
3 6
1 9 22
1 5 8 11 12 13 14 17 22
15
8 15
8
6
23
11
3
23
5 11
6
16
6
22
14
10 11
2 4 5 9 13 18 22
8
9 22
4 9 11 17 26 27
1 6
1 2 6 9
8
11
10 11
10
6
7
5 6 9
8
26
1 2 6
23
9
6 10
3
6
1 6 10 15
9 12 15 22
6 11 15
15
5 7 8 13 22
9
15
9
15
5 15
3 6 15
1 27
5
3 7 9 22
6 11
8
15
6 9 28
8
5 9 11
6 22 29
7
9 11
11
6
2 9 10 13 15 24
6
9
1 6 9 11
8
16
6
6
1 3 16
2 14
1 6
9
9 10
11
9
4 5 9 11 27
1 6 17
8
11
6 14
3 9 16 30
4 31
1 6
2 10 13
6
15
23
1 14
9 22
6
9
4 5 10 15 19 32
17
9 10
33
1
10
4 8 9 15
3
8
15
4
13
6
4 13
4 6 10 22
6
9
9 15
5
4 6 8 13
6
1 22
1 30
6 9
6
3 6
5 9 20 23
4 23
3 4 6 19 21 22 34
8
11
6
5 9
4
8
1
8
6
20
5
6
6
8
4
1 4 6 10 13 22
8
10
5 7
6 10 20
13
4 6 23
6 8 14
3 8
22
10
9
9
11 22
5 27
16 35
5 6 9 11
16
11
13
15
16
8
15
12
9
4 6 8 9
6
5 6 9
11
1 8 9 14
3
6 9 13 22 23 31
11
4
3 5 23
5
7 10 36
5 6
6
13
9
1
1 2 13
9
3 11 15
15
4 5 6 13
6
15
9
15
9
6
33
1 2 6 10 22 30
13
6 9 10
13 25
10 11 13
7 11 12 19
4
6
9
1 6
5 7 9 22
6
1 9
6 9
8
9 21
37
15
13
22
2 6 9 12 13 14 19
15
9
13
11
6
9
5
6 8
30
9
9
7
6 15
6 9
8 22
6
9
8
6
9 15
6 8
1 6 8 11 13 16 24
1 7 8
9 28
8
13
6
6
13
6
22
6
9
9
6
6 7
4
22
7 11
6 13
5 11
7
36
6
15
6 10
25
11
5
3 10 23
1 6
6
22
9
13
5
6
2 4 8 13 15
7 16
6 9 11
10
8
8
10
9
15
6
9
6
6 10
5 13
10
13
4 6 11
11
6 8 13
5 6
6
5 7 38
6
6
11
10 23
2 6 8 12
17
11
11
6
8
7 11
6
15
6 8 14 31
6
6
6
8
6
6
6
13
15
15
11
10
4 9 15
8
7
4 15
16 22
6 11
10
6
11 22
6
6
6
15 25
16
5 8
14
11
31
15
15
15
15
9
15
11 15
15
11
15
1 3 6 9 11
11
1 6 7 11
9 11 22
5 6
5
23
6 8
6
9
2 6 8
8 13
15
6 9
22
15
13
13
6 10
7 8
6
1
6 13
5 6 8 17
5 10 22
13
6 10
9
6
1 3 6 9 13 25 31
6 7 17 23
1 9
6
5 11 13
10
1 13
6 9
11
6
7 33
6
6
6 7
8
1 2 3 6 7 9 25
6 22
3 6 13
9
22
6
9
4
10
32
3 10
6
6
12
6
2
2 6
6
6
1 2 11
3 5 6 10 23 25
9
22
9
6
6
6
8
3
13
7 8
2 18
6
1 6
1
1
6
6
6
13
6
1 3 6 8 9 19
9
2 5
6
6
8 10 12 39
1 3 24
6
13 15
8
11
9
15
6
13
9 11
6 40
6
6 22
9
15
3 10
23
8
13
22
1 6
8 9
1
15
9
6 8 22
5
6
6 8
16
6
6 11
33
5 6
13 30
8
5
5 6
4 6 13
6 8
22
15
23
3
6
6 8
13
4 13
12
15
3 11
18
8
6
4 25
3 6
8
15
4
22
6
9 15
15
5 6 13 17 23
15
8
11
9
4 8 19
8
6
22
13
8
8
1 2 3 5 6 8 9 11 14 16 19
6
8
6
13
8 11
6 8
2 12 30 36
12
6
22
22
6
8
6
6
3
2 4 6 7 8 11 14
6
3 5 6 9 11
6
15
6 13
10
12
6
11
17
13
11
3 6 8 9 10 12 13
6 8
6
3
22
6
6 9
6 8
17
22
6
8
6
22
5
11 22
6 8
10
6
8
13
11
9
2 9
13
9
3
17
6
8
3
4 6
3 9
6
5
10
3 8
22
7 17
4 10 11 19
3 6 7 8 9 17 30
6
6
6
6 9 22 23
13
9
6
2
10 11
3 6 12 23
6
15
9
15
6 11 23
6
7 9 13 16
6
6 9
3 5 9 12
9
6
7
8
6 8
3 8 9
15
2
15
15
6
9 15
15
6
7
13
5 6 11 13
11
2 3 13
3 11 12 25 27 30
11
3
17
3 15 25
9
6
7
22
3
3
6 9
15 38
6
6
6 15
9
11
11 29
15
13
15
6 8 15
6 10
9
6
23
13 15
15
15
15
15
3
15
6
6
15
15
6
6
9 12 17
6 25
9
7
6
14
16
2 9 21 22
6
9 15 22
6 8 13
11
2 8
2 3 5 6 9 13 17
6
13
6
6
8
6 9 11
2 4 6 8 10
4 6
6 9 11
5 8
8
7 11
11
9
9
9
9
41
22
5
6 8
11
6
11
7
6 7
14
8
8
22
7
13
16
8 12
9
22
6
5 8 11 23
5 7 15 42
6
5
6
15
6
10
9
6
6
6
6
1 5 16 42
7
3 6 8 17
3 6 9 12
6
9
6 9
3 22
9
6 8
8
6
4 6
9
8
9
3 6 7 9
5 23
9
9
6
6 11 12
1
10
6
9
9
8
6 16
6 9 12
9
8
10
8
9
6
6
5 16 23 28
15
15
26
9
2 11
11
6
15
8
11 26
9
6
13
8
6
9
9
6 8
1
5 6 9 11 17 23
6
12 13 23
6 8 9 17
6 16 19
9
6 11
1 3 7 13
8
2 6 23
13
3 6 13 30
13
6
9
1 3 6 9
6
6
1 2 3 6 11
9
6 12 22
9
9
9
1
15
9
8
6
6 7 11
6
2 13
6
9
9
7
6
22
4
1 3 6 9
6
6
13
6
8 9 11
2 22
6
6
3
7
6 8
6
6
9
9
9
2 7
7 13 25
9
9
9
9
8
9 10
9
9 12
12 26
9 16
6
6
6
9
11
6
9
9
9
6
1 2
9
6
9 25
6
1 9 11 24
9
22
9 12
9
9
9 10
6 9 26
9
9
9 11
6
9
2 9
9
22
9
11
11
15
9
9
6 9
6
1 3 9 12 13 23
2
6 9
13
4 6 13
9
9
9
9
9
9
6 9
9
12
1
22
6 12
9
11
1 2 3 5 6 9 11 15
11
9 11
13
1
9
9
9
6 9
6 9
9
1 3 5 6 9 13
9
9
9
9
9
10
13
9
6 9
9
6
6
9
9
3 6
13
9
9
9
6
9
9
9
9
6 8
9
13
9
11
13
12
3
9 13
7
9
9
23
13
9
9
13
13
10
1 2
9
9
1
6
9
6
6 11
3
5
10
26
4 5 6 10
14
6 12
10
6
6
11
11
13
9
1
4 11
